SRES summary report
============================================================

Refinement dir: /home/bubl3932/files/3DED-DATA/LTA/LTA1/xds/xds_3000/shelx
From .res
------------------------------------------------------------
RES file: /home/bubl3932/files/3DED-DATA/LTA/LTA1/xds/xds_3000/shelx/shelx.res
FVAR: FVAR      27.94520
R1: 0.229

From .lst
------------------------------------------------------------
LST file: /home/bubl3932/files/3DED-DATA/LTA/LTA1/xds/xds_3000/shelx/shelx.lst

Principal mean square atomic displacements U
------------------------------------------------------------
 Principal mean square atomic displacements U

   0.0088   0.0057   0.0026   Si01  
   0.0338   0.0209   0.0088   O002  
   0.0281   0.0132   0.0015   O003  
   0.0353   0.0231   0.0080   O004  

     0  atoms may be split and     0  atoms NPD



 Analysis of variance for reflections employed in refinement      K = Mean[Fo^2] / Mean[Fc^2]  for group


 Fc/Fc(max)       0.000    0.007    0.014    0.022    0.029    0.038    0.046    0.056    0.073    0.117    1.000

 Number in group      1598.    1548.    1516.    1416.    1584.    1615.    1486.    1524.    1402.    1508.

            GooF      1.221    1.129    0.981    0.985    1.048    1.040    0.957    0.958    0.934    1.117

             K       85.653   12.421    4.041    2.989    2.420    2.098    1.602    1.534    1.529    0.967


 Resolution(A)    0.60     0.63     0.66     0.69     0.72     0.77     0.83     0.91     1.04     1.31     inf

 Number in group      1558.    1487.    1579.    1477.    1524.    1582.    1457.    1510.    1495.    1528.

            GooF      0.741    0.822    0.885    0.931    0.960    1.006    1.112    1.234    1.221    1.359

             K        1.309    1.604    1.495    1.380    1.411    1.533    1.661    1.898    1.386    0.982

             R1       0.337    0.384    0.326    0.317    0.288    0.284    0.325    0.365    0.268    0.268


 ** Extinction (EXTI) or solvent water (SWAT) correction may be required **

 Recommended weighting scheme:  WGHT    0.1775    0.0000


 Most Disagreeable Reflections (* if suppressed or used for Rfree).
 Error/esd is calculated as sqrt(wD^2/<wD^2>) where w is given by the weight
 formula, D = Fo^2-Fc^2 and <> refers to the average over all reflections.

     h   k   l          Fo^2          Fc^2    Error/esd  Fc/Fc(max)  Resolution(A)

     0  -1   0        139.78       2723.87       6.58       1.000      11.90
     0   3   0        100.07       1498.84       6.38       0.742       3.97
     0  -3   0        114.81       1498.84       6.25       0.742       3.97
     0 -11   0         26.95        344.84       6.21       0.356       1.08
     0  -1   1        126.59       1477.25       6.12       0.736       8.41
    -6   0   0        176.14       1703.77       5.88       0.791       1.98
    -1   0   1        160.08       1477.25       5.82       0.736       8.41
     0  11   0         37.23        344.84       5.80       0.356       1.08
     0   1  -1        164.32       1477.25       5.77       0.736       8.41
     0   6   0        204.53       1703.77       5.65       0.791       1.98
     0  -6   0        211.86       1703.77       5.60       0.791       1.98
   -11   0   0         42.50        344.84       5.57       0.356       1.08
     3   0   0        192.46       1498.84       5.54       0.742       3.97
    11   0   0         46.65        344.84       5.41       0.356       1.08
     6   0   0        239.86       1703.77       5.37       0.791       1.98
    -6  -6  -3          8.16         68.68       5.29       0.159       1.32
    -3   0   0        225.47       1498.84       5.24       0.742       3.97
    -1  -1   0        234.21       1477.25       5.13       0.736       8.41
     4   2   1         18.33        117.11       5.00       0.207       2.60
    -1  -1   1        476.39       2528.89       4.74       0.964       6.87
    -1   1   1        492.32       2528.89       4.66       0.964       6.87
     1  -1  -1        494.12       2528.89       4.65       0.964       6.87
     1   1  -1        495.40       2528.89       4.65       0.964       6.87
    -4  -7   5         34.68        151.66       4.16       0.236       1.25
     1  -1  -3        237.68        984.12       4.09       0.601       3.59
     9   9  -9          5.17         26.14       4.01       0.098       0.76
     2   0  -2        342.51       1323.55       3.89       0.697       4.21
    -2   0   2        358.06       1323.55       3.76       0.697       4.21
     7   4 -11          2.09         13.05       3.75       0.069       0.87
    -5  -5   0        191.04        699.55       3.73       0.507       1.68
     7  16   1          0.58          5.66       3.66       0.046       0.68
     4   7  -5         41.91        151.66       3.63       0.236       1.25
     0  -4   4        111.38        386.79       3.56       0.377       2.10
     5   0  -5        206.97        699.55       3.49       0.507       1.68
    -5   0   5        209.80        699.55       3.45       0.507       1.68
    -6 -16   5          3.03         14.43       3.43       0.073       0.67
     5   5   0        211.34        699.55       3.42       0.507       1.68
     0   5  -5        219.82        699.55       3.30       0.507       1.68
     0  12 -12          1.22          8.28       3.26       0.055       0.70
   -14   0   0          2.54         14.28       3.20       0.072       0.85
   -12  -8   9          3.30         14.73       3.16       0.074       0.70
     2  12  -2          3.33         13.83       3.16       0.071       0.97
     9   5  -9         14.62         47.11       3.14       0.132       0.87
   -11  -5  11         20.26         63.88       3.09       0.153       0.73
    10   0 -10          4.53         16.49       3.08       0.078       0.84
   -11  -1   5          0.45          5.00       3.03       0.043       0.98
   -16  -3  -2          0.51          7.22       2.99       0.051       0.73
    -2 -19   3          1.17          6.64       2.98       0.049       0.62
   -11   3   6          1.34          6.93       2.97       0.050       0.92
    -2  -2   0        463.80       1323.55       2.96       0.697       4.21



 Selected torsion angles

   180.00  O003 - Si01 - O002 - Si01_$1
   -60.15 ( 0.36)  O004 - Si01 - O002 - Si01_$1
    60.15 ( 0.36)  O004_$4 - Si01 - O002 - Si01_$1
    59.94 ( 0.40)  O004 - Si01 - O003 - Si01_$2
   -59.94 ( 0.40)  O004_$4 - Si01 - O003 - Si01_$2
   180.00  O002 - Si01 - O003 - Si01_$2
   176.84 ( 1.05)  O003 - Si01 - O004 - Si01_$3
   -62.87 ( 1.46)  O004_$4 - Si01 - O004 - Si01_$3
    58.04 ( 1.30)  O002 - Si01 - O004 - Si01_$3


 FMAP and GRID set by program

 FMAP   2   3  35
 GRID    -1.562  -1  -1     1.562   1   1

 R1 =  0.2491 for    877 unique reflections after merging for Fourier


 Electron density synthesis with coefficients Fo-Fc

 Highest peak    0.49  at  0.0798  0.0000  0.0798  [  5.54 A from O002 ]
 Deepest hole   -0.69  at  0.3140  0.5000  0.5000  [  2.62 A from O004 ]


 Fourier peaks appended to .res file

              x       y       z       sof     U      Peak   Distances to nearest atoms (including eq.)

 Q1    1   1.0000  0.9202  0.9202   0.25000  0.05    0.49   5.54 O002^a  5.55 O004  5.76 O003  5.94 SI01

 Shortest distances between peaks (including symmetry equivalents)

      1   1  1.34      1   1  1.90      1   1  2.33      1   1  2.69


 Time profile in seconds
 -----------------------

      0.00: Read and process instructions
      0.00: Fit rigid groups
      0.00: Interpret restraints etc.
      0.00: Generate connectivity array
      0.00: Analyse DFIX and DANG restraints
      0.00: Analyse SAME, SADI and NCSY restraints
      0.00: Generate CHIV restraints
      0.00: Check if bonds in residues restrained
      0.00: Generate DELU and RIGU restraints
      0.00: Generate SIMU restraints
      0.00: Generate ISOR restraints
      0.00: Analyse electron density
      0.00: Analyse other restraints etc.
      0.01: Read intensity data, sort/merge etc.
      0.00: Set up constraints
      0.00: OSF, H-atoms from difference map
      0.01: Set up l.s. refinement
      0.00: Generate idealized H-atoms
      0.06: Structure factors and derivatives
      0.01: Sum l.s. matrices
      0.00: Generate and apply antibumping restraints
      0.00: Apply other restraints
      0.01: Solve l.s. equations
      0.00: Generate HTAB table
      0.00: Other dependent quantities, CIF, tables
      0.01: Analysis of variance
      0.02: Merge reflections for Fourier and .fcf
      0.00: Fourier summations
      0.00: Peaksearch
      0.00: Analyse peaklist

 ** WARNING: These times are only approximate for multiple threads.
             To get better estimates run with -t1 **

   Please cite: G.M. Sheldrick (2015) "Crystal structure refinement with
   SHELXL", Acta Cryst., C71, 3-8 (Open Access) if SHELXL proves useful.

 +++++++++++++++++++++++++++++++++++++++++++++++++++++++++++++++++++++++++++++
 +  shelx         finished at 15:45:58   Total elapsed time:      0.12 secs  +
 +++++++++++++++++++++++++++++++++++++++++++++++++++++++++++++++++++++++++++++

Analysis of variance for reflections employed in refinement
------------------------------------------------------------
 Analysis of variance for reflections employed in refinement      K = Mean[Fo^2] / Mean[Fc^2]  for group


 Fc/Fc(max)       0.000    0.007    0.014    0.022    0.029    0.038    0.046    0.056    0.073    0.117    1.000

 Number in group      1598.    1548.    1516.    1416.    1584.    1615.    1486.    1524.    1402.    1508.

            GooF      1.221    1.129    0.981    0.985    1.048    1.040    0.957    0.958    0.934    1.117

             K       85.653   12.421    4.041    2.989    2.420    2.098    1.602    1.534    1.529    0.967


 Resolution(A)    0.60     0.63     0.66     0.69     0.72     0.77     0.83     0.91     1.04     1.31     inf

 Number in group      1558.    1487.    1579.    1477.    1524.    1582.    1457.    1510.    1495.    1528.

            GooF      0.741    0.822    0.885    0.931    0.960    1.006    1.112    1.234    1.221    1.359

             K        1.309    1.604    1.495    1.380    1.411    1.533    1.661    1.898    1.386    0.982

             R1       0.337    0.384    0.326    0.317    0.288    0.284    0.325    0.365    0.268    0.268


 ** Extinction (EXTI) or solvent water (SWAT) correction may be required **

 Recommended weighting scheme:  WGHT    0.1775    0.0000

Top 100 reflections by |SRES|
------------------------------------------------------------
       Miller         asu  Resolution   Fo^2    Fc^2  Fo^2_sigma       SRES   absSRES   zobs
   (0, -1, 0)   (0, 1, 0)   11.909000 139.78 2723.87       55.81 -46.301559 46.301559 1128.0
    (0, 3, 0)   (0, 3, 0)    3.969667 100.07 1498.84       40.05 -34.925593 34.925593 1140.5
   (0, -3, 0)   (0, 3, 0)    3.969667 114.81 1498.84       45.93 -30.133464 30.133464 1121.8
  (0, -11, 0)  (0, 11, 0)    1.082636  26.95  344.84       11.19 -28.408400 28.408400 1096.8
   (0, -1, 1)   (0, 1, 1)    8.420935 126.59 1477.25       50.72 -26.629732 26.629732  192.6
   (-6, 0, 0)   (0, 6, 0)    1.984833 176.14 1703.77       70.79 -21.579743 21.579743 2976.4
   (-1, 0, 1)   (0, 1, 1)    8.420935 160.08 1477.25       63.94 -20.600094 20.600094 1375.5
   (0, 11, 0)  (0, 11, 0)    1.082636  37.23  344.84       15.35 -20.039739 20.039739 1165.4
   (0, 1, -1)   (0, 1, 1)    8.420935 164.32 1477.25       65.81 -19.950312 19.950312  197.3
    (0, 6, 0)   (0, 6, 0)    1.984833 204.53 1703.77       81.81 -18.325877 18.325877 1149.8
   (0, -6, 0)   (0, 6, 0)    1.984833 211.86 1703.77       84.75 -17.603658 17.603658 1112.4
    (3, 0, 0)   (0, 3, 0)    3.969667 192.46 1498.84       77.18 -16.926406 16.926406 2991.4
  (-11, 0, 0)  (0, 11, 0)    1.082636  42.50  344.84       18.00 -16.796667 16.796667 2968.0
   (11, 0, 0)  (0, 11, 0)    1.082636  46.65  344.84       19.57 -15.237098 15.237098 3004.7
    (6, 0, 0)   (0, 6, 0)    1.984833 239.86 1703.77       96.20 -15.217360 15.217360 2996.4
   (-3, 0, 0)   (0, 3, 0)    3.969667 225.47 1498.84       90.34 -14.095307 14.095307 2981.4
  (-1, -1, 0)   (0, 1, 1)    8.420935 234.21 1477.25       93.57 -13.284600 13.284600 2360.8
 (-6, -6, -3)   (3, 6, 6)    1.323222   8.16   68.68        5.11 -11.843444 11.843444 3025.9
    (4, 2, 1)   (1, 4, 2)    2.598757  18.33  117.11        8.66 -11.406467 11.406467 3026.1
  (-1, -1, 1)   (1, 1, 1)    6.875664 476.39 2528.89      190.14 -10.794678 10.794678 1302.4
   (-1, 1, 1)   (1, 1, 1)    6.875664 492.32 2528.89      196.57 -10.360533 10.360533 1541.3
  (1, -1, -1)   (1, 1, 1)    6.875664 494.12 2528.89      197.34 -10.310986 10.310986 1554.5
   (1, 1, -1)   (1, 1, 1)    6.875664 495.40 2528.89      197.72 -10.284696 10.284696 1307.9
  (-4, -7, 5)   (4, 7, 5)    1.255319  34.68  151.66       14.77  -7.920108  7.920108 1114.9
  (1, -1, -3)   (1, 3, 1)    3.590699 237.68  984.12       95.21  -7.839933  7.839933  200.2
   (2, 0, -2)   (0, 2, 2)    4.210467 342.51 1323.55      136.83  -7.169773  7.169773 1383.2
   (-2, 0, 2)   (0, 2, 2)    4.210467 358.06 1323.55      142.99  -6.752151  6.752151 1372.9
  (-5, -5, 0)   (0, 5, 5)    1.684187 191.04  699.55       76.67  -6.632451  6.632451 2350.7
   (9, 9, -9)   (9, 9, 9)    0.763963   5.17   26.14        3.24  -6.472222  6.472222 1329.8
   (4, 7, -5)   (4, 7, 5)    1.255319  41.91  151.66       17.64  -6.221655  6.221655 1146.3
   (0, -4, 4)   (0, 4, 4)    2.105234 111.38  386.79       44.99  -6.121583  6.121583  185.5
   (5, 0, -5)   (0, 5, 5)    1.684187 206.97  699.55       82.85  -5.945444  5.945444 1391.0
   (-5, 0, 5)   (0, 5, 5)    1.684187 209.80  699.55       84.04  -5.827582  5.827582 1365.1
    (5, 5, 0)   (0, 5, 5)    1.684187 211.34  699.55       84.77  -5.759231  5.759231 2375.3
   (0, 5, -5)   (0, 5, 5)    1.684187 219.82  699.55       88.30  -5.432956  5.432956  206.8
  (7, 4, -11)  (4, 11, 7)    0.873210   2.09   13.05        2.07  -5.294686  5.294686  949.1
   (9, 5, -9)   (5, 9, 9)    0.870872  14.62   47.11        6.76  -4.806213  4.806213 1354.3
 (-6, -16, 5)  (5, 16, 6)    0.668876   3.03   14.43        2.38  -4.789916  4.789916 1300.4
   (7, 16, 1)  (1, 16, 7)    0.680792   0.58    5.66        1.07  -4.747664  4.747664 2126.7
(-11, -5, 11) (5, 11, 11)    0.728819  20.26   63.88        9.29  -4.695371  4.695371 1311.5
  (-2, -2, 0)   (0, 2, 2)    4.210467 463.80 1323.55      185.39  -4.637521  4.637521 2358.3
   (-1, 0, 4)   (0, 4, 1)    2.888357 260.42  736.97      104.46  -4.562033  4.562033  186.2
  (2, 12, -2)  (2, 12, 2)    0.965947   3.33   13.83        2.42  -4.338843  4.338843 1230.6
 (10, 0, -10) (0, 10, 10)    0.842093   4.53   16.49        2.76  -4.333333  4.333333 1403.9
 (-12, -8, 9)  (8, 12, 9)    0.700529   3.30   14.73        2.69  -4.249071  4.249071 1531.7
 (0, 12, -12) (0, 12, 12)    0.701745   1.22    8.28        1.70  -4.152941  4.152941  223.3
  (11, 11, 5) (5, 11, 11)    0.728819  22.47   63.88       10.01  -4.136863  4.136863 3011.2
  (-14, 0, 0)  (0, 14, 0)    0.850643   2.54   14.28        2.84  -4.133803  4.133803 2963.0
   (4, 3, -3)   (3, 4, 3)    2.042377  43.46  115.99       17.76  -4.083896  4.083896 1555.6
   (5, 6, -5)   (5, 6, 5)    1.284180  76.99  203.79       31.35  -4.044657  4.044657 1310.4
  (-5, -6, 5)   (5, 6, 5)    1.284180  80.55  203.79       32.66  -3.773423  3.773423 1280.7
  (-11, 3, 6)  (3, 11, 6)    0.924318   1.34    6.93        1.50  -3.726667  3.726667 2101.5
 (-2, -19, 3)  (2, 19, 3)    0.615800   1.17    6.64        1.47  -3.721088  3.721088 1037.6
   (-8, 0, 8)   (0, 8, 8)    1.052617   2.17    8.96        1.88  -3.611702  3.611702 1357.4
 (-11, -1, 5)  (1, 11, 5)    0.982238   0.45    5.00        1.26  -3.611111  3.611111 2086.3
 (11, 11, -8) (8, 11, 11)    0.680792   1.51    8.07        1.86  -3.526882  3.526882 1562.4
(-16, -3, -2)  (2, 16, 3)    0.726105   0.51    7.22        1.91  -3.513089  3.513089 3027.0
 (-10, 6, 12) (6, 12, 10)    0.711699   5.42   16.71        3.24  -3.484568  3.484568 1144.8
  (12, 8, -9)  (8, 12, 9)    0.700529   4.23   14.73        3.02  -3.476821  3.476821 1585.4
  (12, 7, -5)  (5, 12, 7)    0.806579   4.25   13.56        2.68  -3.473881  3.473881 1993.9
   (-5, 6, 6)   (5, 6, 6)    1.209176  47.59  114.06       19.30  -3.444041  3.444041 1169.0
  (-5, 4, 15)  (4, 15, 5)    0.730188   1.90    8.55        1.95  -3.410256  3.410256  195.4
  (3, 9, -10)  (3, 10, 9)    0.863970   1.42    7.72        1.85  -3.405405  3.405405  588.7
   (8, 0, -8)   (0, 8, 8)    1.052617   2.30    8.96        1.96  -3.397959  3.397959 1398.7
 (-7, -17, 3)  (3, 17, 7)    0.639309   3.64   11.74        2.43  -3.333333  3.333333 1564.5
  (0, -14, 0)  (0, 14, 0)    0.850643   5.00   14.28        2.79  -3.326165  3.326165 1087.5
(-14, -9, -4)  (4, 14, 9)    0.695731   3.19   13.64        3.19  -3.275862  3.275862 2945.2
  (-3, -1, 8)   (1, 8, 3)    1.384393   5.09   14.96        3.02  -3.268212  3.268212  463.1
  (0, -19, 0)  (0, 19, 0)    0.626789   0.25    3.28        0.93  -3.258065  3.258065 1071.9
   (0, 5, -1)   (0, 5, 1)    2.335547  19.19   44.74        7.87  -3.246506  3.246506  772.4
  (-11, 1, 5)  (1, 11, 5)    0.982238   1.11    5.00        1.20  -3.241667  3.241667 2175.3
  (-2, -4, 7)   (2, 7, 4)    1.433675   3.66   11.08        2.29  -3.240175  3.240175  454.2
 (-3, 17, -7)  (3, 17, 7)    0.639309   4.00   11.74        2.42  -3.198347  3.198347  169.1
 (-11, 8, 11) (8, 11, 11)    0.680792   2.38    8.07        1.83  -3.109290  3.109290 1431.4
 (-5, -6, -1)   (1, 6, 5)    1.512445   8.03   20.50        4.10  -3.041463  3.041463 2518.0
 (-13, -1, 2)  (1, 13, 2)    0.902819   2.17    7.87        1.88  -3.031915  3.031915 2620.7
 (-7, -8, -4)   (4, 8, 7)    1.048529   4.32   15.21        3.60  -3.025000  3.025000 3026.3
 (10, -9, -5)  (5, 10, 9)    0.829739   3.17    8.70        1.83  -3.021858  3.021858 2786.9
 (-15, -4, 6)  (4, 15, 6)    0.715542   1.25    6.04        1.59  -3.012579  3.012579 2087.9
 (10, -1, -5)  (1, 10, 5)    1.060938   0.55    3.62        1.02  -3.009804  3.009804 2142.5
  (1, -12, 8)  (1, 12, 8)    0.823763  13.22   31.81        6.25  -2.974400  2.974400  167.7
 (-3, -15, 4)  (3, 15, 4)    0.753191   1.72    6.92        1.75  -2.971429  2.971429 1072.6
   (0, -2, 2)   (0, 2, 2)    4.210467 605.63 1323.55      242.05  -2.965999  2.965999  190.2
   (-4, 1, 5)   (1, 5, 4)    1.837599  83.34  182.98       33.64  -2.961950  2.961950 1117.0
  (-5, -1, 0)   (0, 5, 1)    2.335547  19.94   44.74        8.38  -2.959427  2.959427 2818.5
   (2, 5, -6)   (2, 6, 5)    1.477130   0.53    4.05        1.19  -2.957983  2.957983  608.7
   (0, 19, 0)  (0, 19, 0)    0.626789   0.21    3.28        1.04  -2.951923  2.951923 1191.6
  (2, -1, -8)   (1, 8, 2)    1.433675  14.09   33.06        6.48  -2.927469  2.927469  141.9
  (0, -11, 4)  (0, 11, 4)    1.017455   2.46    7.91        1.87  -2.914439  2.914439  541.0
   (0, -5, 1)   (0, 5, 1)    2.335547  20.47   44.74        8.39  -2.892729  2.892729  747.3
 (-6, -12, 7)  (6, 12, 7)    0.786969   9.10   22.23        4.55  -2.885714  2.885714 1147.4
 (-19, -3, 3)  (3, 19, 3)    0.611724  16.56   39.22        7.88  -2.875635  2.875635 2548.1
  (12, 1, -2)  (1, 12, 2)    0.975623   5.88   15.16        3.25  -2.855385  2.855385 2635.1
  (-14, 0, 5)  (0, 14, 5)    0.801086   3.96   10.97        2.46  -2.849593  2.849593 2295.8
  (16, 4, -4)  (4, 16, 4)    0.701745   2.20    8.92        2.37  -2.835443  2.835443 2392.5
   (0, 17, 0)  (0, 17, 0)    0.700529  25.13   55.19       10.65  -2.822535  2.822535 1185.3
 (2, -10, -2)  (2, 10, 2)    1.145944  10.51   22.73        4.33  -2.822171  2.822171  839.3
 (-4, -5, 11)  (4, 11, 5)    0.935659   0.35    3.99        1.29  -2.821705  2.821705  533.5
   (9, 10, 3)  (3, 10, 9)    0.863970   2.30    7.72        1.94  -2.793814  2.793814 2780.8
   (3, 6, -3)   (3, 6, 3)    1.620610  13.62   29.93        5.85  -2.788034  2.788034 1278.7
