# tag    ax          ay          az          bx          by          bz          cx          cy          cz          a        b        c        al  be  ga  cent
0        0.0000000   0.6613101  -0.0000000  -0.6613101   0.0000000  -0.0000000   0.0000000   0.0000000   0.8286171   1.51258 1.51258 1.22512  90  90  90  I
16       0.0000000   0.5650361   0.3436061  -0.6613101   0.0000000   0.0000000   0.0000000  -0.4305362   0.7079865   1.51258 1.51258 1.22512  90  90  90  I
1058     0.0000000   0.0000000   0.6613101  -0.6613101   0.0000000   0.0000000   0.0000000  -0.8286171   0.0000000   1.51258 1.51258 1.22512  90  90  90  I
1656     0.6613101   0.0000000  -0.0000000   0.0000000   0.0000000   0.6613101   0.0000000  -0.8286171   0.0000000   1.51258 1.51258 1.22512  90  90  90  I
17       0.0000000   0.5529756   0.3626967  -0.6613101   0.0000000   0.0000000   0.0000000  -0.4544566   0.6928748   1.51258 1.51258 1.22512  90  90  90  I
40       0.0343962   0.5520020   0.3625489  -0.6604149   0.0287497   0.0188825   0.0000000  -0.4548870   0.6925923   1.51258 1.51258 1.22512  90  90  90  I
168      0.4676168   0.4420986   0.1523624  -0.4676168   0.4420986   0.1523624  -0.0000000  -0.2699862   0.7833989   1.51258 1.51258 1.22512  90  90  90  I
253      0.6613101  -0.0000000  -0.0000000   0.0000000   0.6152025   0.2426044   0.0000000  -0.3039817   0.7708446   1.51258 1.51258 1.22512  90  90  90  I
276      0.6613101  -0.0000000  -0.0000000   0.0000000   0.6065611   0.2634666   0.0000000  -0.3301220   0.7600170   1.51258 1.51258 1.22512  90  90  90  I
288      0.4676168   0.3984461   0.2447574  -0.4676168   0.3984461   0.2447574  -0.0000000  -0.4337101   0.7060467   1.51258 1.51258 1.22512  90  90  90  I
368      0.6613101  -0.0000000  -0.0000000   0.0000000   0.5650361   0.3436061   0.0000000  -0.4305362   0.7079865   1.51258 1.51258 1.22512  90  90  90  I
384      0.4676168   0.3545397   0.3049050  -0.4676168   0.3545397   0.3049050   0.0000000  -0.5402917   0.6282445   1.51258 1.51258 1.22512  90  90  90  I
392      0.6604149   0.0287497   0.0188825  -0.0343962   0.5520020   0.3625489   0.0000000  -0.4548870   0.6925923   1.51258 1.51258 1.22512  90  90  90  I
444      0.6295990   0.1582589   0.1260562  -0.2023266   0.4924695   0.3922610  -0.0000000  -0.5162559   0.6481406   1.51258 1.51258 1.22512  90  90  90  I
598      0.0000000   0.4173448   0.5129857  -0.6613101   0.0000000   0.0000000  -0.0000000  -0.6427677   0.5229303   1.51258 1.51258 1.22512  90  90  90  I
607      0.2000559   0.3862559   0.4981114  -0.6303242   0.1225921   0.1580935  -0.0000000  -0.6548117   0.5077677   1.51258 1.51258 1.22512  90  90  90  I
608      0.2214593   0.3791048   0.4945365  -0.6231266   0.1347339   0.1757583   0.0000000  -0.6576214   0.5041234   1.51258 1.51258 1.22512  90  90  90  I
805      0.0000000   0.2426044   0.6152025  -0.6613101   0.0000000   0.0000000   0.0000000  -0.7708446   0.3039817   1.51258 1.51258 1.22512  90  90  90  I
818      0.2840217   0.2003570   0.5626008  -0.5972124   0.0952856   0.2675612   0.0000000  -0.7805945   0.2779903   1.51258 1.51258 1.22512  90  90  90  I
883      0.2000559   0.1626339   0.6089818  -0.6303242   0.0516177   0.1932821   0.0000000  -0.8005606   0.2137966   1.51258 1.51258 1.22512  90  90  90  I
884      0.2214593   0.1590611   0.6024835  -0.6231266   0.0565303   0.2141227   0.0000000  -0.8011664   0.2115152   1.51258 1.51258 1.22512  90  90  90  I
1149     0.6578430   0.0443128   0.0510878  -0.0676283   0.4310448   0.4969485   0.0000000  -0.6259548   0.5429428   1.51258 1.51258 1.22512  90  90  90  I
1167     0.6303242   0.1225921   0.1580935  -0.2000559   0.3862559   0.4981114   0.0000000  -0.6548117   0.5077677   1.51258 1.51258 1.22512  90  90  90  I
1176     0.6613101   0.0000000  -0.0000000   0.0000000   0.4173448   0.5129857   0.0000000  -0.6427677   0.5229303   1.51258 1.51258 1.22512  90  90  90  I
1177     0.4676168   0.2209793   0.4121088  -0.4676168   0.2209793   0.4121088   0.0000000  -0.7302568   0.3915754   1.51258 1.51258 1.22512  90  90  90  I
